1, 5.117418050765991, 2.719083547592163, 82, 57, 0.06666666666666667, 0.047021276595744683, 0.051226280657016426, 10.0
2, 6.291267156600952, 2.6548731327056885, 199, 129, 0.08, 0.08553191489361703, 0.08632715817895448, 10.0
3, 6.638345003128052, 2.5935258865356445, 320, 205, 0.18, 0.20595744680851064, 0.20288007200180005, 10.0
4, 6.573026895523071, 2.532062292098999, 444, 280, 0.27666666666666667, 0.2853191489361702, 0.28785719642991076, 10.0
5, 6.843958139419556, 2.4835681915283203, 574, 359, 0.34, 0.41106382978723405, 0.4010350258756469, 10.0
6, 7.212449073791504, 2.4758548736572266, 706, 439, 0.4766666666666667, 0.556595744680851, 0.5607890197254931, 10.0
7, 7.188188791275024, 2.4288170337677, 842, 520, 0.46, 0.5640425531914893, 0.5610890272256807, 10.0
8, 7.246898889541626, 2.4273173809051514, 981, 603, 0.55, 0.6476595744680851, 0.640216005400135, 10.0
9, 7.298525810241699, 2.3388309478759766, 1121, 688, 0.55, 0.6476595744680851, 0.640216005400135, 10.0
10, 7.37962794303894, 2.362060785293579, 1264, 774, 0.57, 0.6729787234042554, 0.671716792919823, 10.0
11, 7.473735809326172, 2.3203728199005127, 1409, 861, 0.61, 0.7078723404255319, 0.7099677491937298, 10.0
12, 7.581660032272339, 2.3130362033843994, 1556, 949, 0.6733333333333333, 0.7495744680851064, 0.7444686117152929, 10.0
13, 7.665205955505371, 2.234879970550537, 1705, 1038, 0.6866666666666666, 0.7648936170212766, 0.7587189679741994, 10.0
14, 7.693964958190918, 2.257045030593872, 1856, 1128, 0.6866666666666666, 0.7648936170212766, 0.7587189679741994, 10.0
15, 7.83870005607605, 2.2329025268554688, 2009, 1219, 0.7333333333333333, 0.7748936170212766, 0.773494337358434, 10.0
16, 7.9743499755859375, 2.1528546810150146, 2164, 1312, 0.7333333333333333, 0.7748936170212766, 0.773494337358434, 10.0
17, 8.078513860702515, 2.166978120803833, 2321, 1406, 0.77, 0.7827659574468085, 0.7880447011175279, 10.0
18, 8.098465919494629, 2.1903703212738037, 2480, 1501, 0.7833333333333333, 0.8082978723404255, 0.812195304882622, 10.0
19, 8.070482969284058, 2.160724401473999, 2639, 1596, 0.7833333333333333, 0.8082978723404255, 0.812195304882622, 10.0
20, 8.192758083343506, 2.1545472145080566, 2800, 1692, 0.8166666666666667, 0.8261702127659575, 0.8202205055126378, 10.0
21, 8.209864139556885, 2.1306772232055664, 2961, 1788, 0.82, 0.8329787234042553, 0.8306457661441536, 10.0
22, 8.38457703590393, 2.084463119506836, 3124, 1887, 0.82, 0.8329787234042553, 0.8306457661441536, 10.0
23, 8.396350860595703, 2.118884801864624, 3289, 1985, 0.82, 0.8378723404255319, 0.8357458936473412, 10.0
24, 8.39185118675232, 2.0360498428344727, 3454, 2083, 0.8433333333333334, 0.8387234042553191, 0.8362709067726694, 10.0
25, 8.497982025146484, 2.026533603668213, 3621, 2183, 0.84, 0.85, 0.8453461336533413, 10.0
26, 8.721388101577759, 2.0727450847625732, 3788, 2288, 0.84, 0.85, 0.8453461336533413, 10.0
27, 8.627241849899292, 2.0952272415161133, 3956, 2390, 0.8466666666666667, 0.8502127659574468, 0.8513462836570914, 10.0
28, 8.6494460105896, 2.0142951011657715, 4125, 2491, 0.8466666666666667, 0.8502127659574468, 0.8513462836570914, 10.0
29, 8.659264087677002, 2.026259660720825, 4295, 2593, 0.86, 0.8506382978723405, 0.8508212705317633, 10.0
30, 8.668920040130615, 1.9875718355178833, 4466, 2696, 0.86, 0.8519148936170213, 0.8541213530338259, 10.0
31, 8.681443214416504, 1.9881638288497925, 4637, 2798, 0.8666666666666667, 0.8548936170212766, 0.8563714092852321, 10.0
32, 8.79873275756836, 1.9858349561691284, 4810, 2902, 0.87, 0.8585106382978723, 0.8583964599114978, 10.0
33, 8.756844758987427, 2.0339434146881104, 4983, 3005, 0.87, 0.8617021276595744, 0.8622965574139353, 10.0
34, 8.924683809280396, 1.9939632415771484, 5157, 3111, 0.87, 0.8617021276595744, 0.8622965574139353, 10.0
35, 8.902941226959229, 1.8950940370559692, 5331, 3216, 0.87, 0.8617021276595744, 0.8622965574139353, 10.0
36, 8.877861976623535, 1.9765143394470215, 5505, 3322, 0.87, 0.8617021276595744, 0.8622965574139353, 10.0
37, 8.906170129776001, 1.9147251844406128, 5681, 3429, 0.8833333333333333, 0.8663829787234043, 0.8674716867921698, 10.0
38, 8.912270069122314, 1.9487494230270386, 5858, 3534, 0.8833333333333333, 0.8663829787234043, 0.8674716867921698, 10.0
39, 8.993704080581665, 1.950006365776062, 6035, 3642, 0.8833333333333333, 0.8663829787234043, 0.8674716867921698, 10.0
40, 8.911705255508423, 1.8636342287063599, 6212, 3748, 0.8833333333333333, 0.8663829787234043, 0.8674716867921698, 10.0
41, 9.178179025650024, 1.9645209312438965, 6390, 3858, 0.8833333333333333, 0.8663829787234043, 0.8674716867921698, 10.0
42, 8.998272895812988, 1.9000906944274902, 6568, 3965, 0.8833333333333333, 0.8663829787234043, 0.8674716867921698, 10.0
43, 8.942671060562134, 1.9801132678985596, 6747, 4071, 0.8833333333333333, 0.8663829787234043, 0.8674716867921698, 10.0
44, 9.084857702255249, 1.9123982191085815, 6925, 4179, 0.91, 0.867872340425532, 0.867921698042451, 10.0
45, 9.054108142852783, 1.9241894483566284, 7103, 4285, 0.91, 0.867872340425532, 0.867921698042451, 10.0
46, 9.301476955413818, 1.8035249710083008, 7282, 4394, 0.91, 0.867872340425532, 0.867921698042451, 10.0
47, 9.175689935684204, 1.8438383340835571, 7463, 4502, 0.91, 0.867872340425532, 0.867921698042451, 10.0
48, 9.976207256317139, 1.890608310699463, 7644, 4628, 0.91, 0.867872340425532, 0.867921698042451, 10.0
49, 9.297515153884888, 1.7973560094833374, 7826, 4738, 0.91, 0.867872340425532, 0.867921698042451, 10.0
