1, 2.9006950855255127, 2.717940092086792, 112, 0, 0.06666666666666667, 0.047021276595744683, 0.051226280657016426, 10.0
2, 3.792140007019043, 2.6472725868225098, 248, 0, 0.13666666666666666, 0.13574468085106384, 0.13770344258606465, 10.0
3, 3.786034107208252, 2.5778467655181885, 390, 0, 0.18666666666666668, 0.22063829787234043, 0.21315532888322208, 10.0
4, 4.158606052398682, 2.5117807388305664, 534, 0, 0.31, 0.41127659574468084, 0.40651016275406887, 10.0
5, 4.148310899734497, 2.472181797027588, 684, 0, 0.37, 0.4940425531914894, 0.48488712217805446, 10.0
6, 4.247721910476685, 2.454765558242798, 834, 0, 0.5033333333333333, 0.5636170212765957, 0.565739143478587, 10.0
7, 4.317795038223267, 2.409564733505249, 985, 0, 0.49666666666666665, 0.6146808510638297, 0.6074401860046501, 10.0
8, 4.350204706192017, 2.411165475845337, 1138, 0, 0.54, 0.6436170212765957, 0.6409660241506038, 10.0
9, 4.344536066055298, 2.3239054679870605, 1291, 0, 0.5833333333333334, 0.6751063829787234, 0.6726168154203855, 10.0
10, 4.35188102722168, 2.345520496368408, 1445, 0, 0.5933333333333334, 0.6936170212765957, 0.6913672841821046, 10.0
11, 4.317858934402466, 2.301987648010254, 1599, 0, 0.6266666666666667, 0.7242553191489361, 0.7248931223280582, 10.0
12, 4.406738996505737, 2.3001487255096436, 1753, 0, 0.6833333333333333, 0.7602127659574468, 0.7594689867246681, 10.0
13, 4.3129050731658936, 2.2193217277526855, 1907, 0, 0.7, 0.7714893617021277, 0.7683192079801995, 10.0
14, 4.401341915130615, 2.2401070594787598, 2062, 0, 0.7, 0.7714893617021277, 0.7683192079801995, 10.0
15, 4.538201093673706, 2.2155637741088867, 2219, 0, 0.7333333333333333, 0.7868085106382978, 0.7869946748668717, 10.0
16, 4.538492918014526, 2.136204719543457, 2376, 0, 0.7333333333333333, 0.7868085106382978, 0.7869946748668717, 10.0
17, 4.48730206489563, 2.1460838317871094, 2535, 0, 0.7966666666666666, 0.7963829787234042, 0.8015450386259656, 10.0
18, 4.513958930969238, 2.1708264350891113, 2694, 0, 0.7966666666666666, 0.8140425531914893, 0.8165454136353408, 10.0
19, 4.4774329662323, 2.1428275108337402, 2853, 0, 0.7966666666666666, 0.8140425531914893, 0.8165454136353408, 10.0
20, 4.693089008331299, 2.1385018825531006, 3012, 0, 0.8166666666666667, 0.8297872340425532, 0.8284707117677942, 10.0
21, 4.862107992172241, 2.111912727355957, 3172, 0, 0.8233333333333334, 0.835531914893617, 0.8356708917722943, 10.0
22, 4.85745096206665, 2.0667150020599365, 3333, 0, 0.8233333333333334, 0.835531914893617, 0.8356708917722943, 10.0
23, 5.0045928955078125, 2.1049673557281494, 3495, 0, 0.8366666666666667, 0.8402127659574468, 0.8400210005250132, 10.0
24, 4.809000015258789, 2.0190975666046143, 3657, 0, 0.8366666666666667, 0.8402127659574468, 0.8400210005250132, 10.0
25, 4.430307149887085, 2.012070655822754, 3819, 0, 0.84, 0.8506382978723405, 0.851646291157279, 10.0
26, 4.585722208023071, 2.0582833290100098, 3981, 0, 0.84, 0.8506382978723405, 0.851646291157279, 10.0
27, 5.0951879024505615, 2.0794553756713867, 4143, 0, 0.8566666666666667, 0.8561702127659574, 0.8576464411610291, 10.0
28, 4.829064846038818, 1.9990655183792114, 4305, 0, 0.8566666666666667, 0.8561702127659574, 0.8576464411610291, 10.0
29, 4.7639219760894775, 2.010349988937378, 4467, 0, 0.8566666666666667, 0.8561702127659574, 0.8576464411610291, 10.0
30, 4.638933897018433, 1.9709619283676147, 4629, 0, 0.8666666666666667, 0.8565957446808511, 0.8575714392859821, 10.0
31, 4.656292200088501, 1.9751548767089844, 4792, 0, 0.8733333333333333, 0.8591489361702128, 0.8613965349133729, 10.0
32, 4.674324989318848, 1.9727636575698853, 4955, 0, 0.87, 0.8604255319148936, 0.8622965574139353, 10.0
33, 4.641351222991943, 2.018519401550293, 5118, 0, 0.8766666666666667, 0.8668085106382979, 0.8660466511662791, 10.0
34, 4.721158981323242, 1.9810010194778442, 5282, 0, 0.8766666666666667, 0.8668085106382979, 0.8660466511662791, 10.0
35, 4.590275049209595, 1.8824914693832397, 5446, 0, 0.8766666666666667, 0.8668085106382979, 0.8660466511662791, 10.0
36, 4.717730760574341, 1.9634010791778564, 5610, 0, 0.8766666666666667, 0.8668085106382979, 0.8660466511662791, 10.0
37, 4.4512128829956055, 1.8990800380706787, 5774, 0, 0.8866666666666667, 0.8704255319148936, 0.870396759918998, 10.0
38, 4.62779974937439, 1.9362233877182007, 5938, 0, 0.8866666666666667, 0.8704255319148936, 0.870396759918998, 10.0
39, 4.595286130905151, 1.9352586269378662, 6102, 0, 0.8866666666666667, 0.8704255319148936, 0.870396759918998, 10.0
40, 4.6347692012786865, 1.8482156991958618, 6266, 0, 0.8866666666666667, 0.8704255319148936, 0.870396759918998, 10.0
41, 4.6187708377838135, 1.9483565092086792, 6430, 0, 0.8866666666666667, 0.8704255319148936, 0.870396759918998, 10.0
42, 4.731637001037598, 1.8931113481521606, 6594, 0, 0.8866666666666667, 0.8704255319148936, 0.870396759918998, 10.0
43, 4.733395099639893, 1.9648454189300537, 6758, 0, 0.8866666666666667, 0.8704255319148936, 0.870396759918998, 10.0
44, 4.4798219203948975, 1.8975907564163208, 6922, 0, 0.9133333333333333, 0.8729787234042553, 0.8718217955448886, 10.0
45, 4.713116884231567, 1.9102343320846558, 7086, 0, 0.9133333333333333, 0.8729787234042553, 0.8718217955448886, 10.0
46, 4.578665018081665, 1.800252079963684, 7250, 0, 0.9133333333333333, 0.8729787234042553, 0.8718217955448886, 10.0
47, 4.666382789611816, 1.8311926126480103, 7414, 0, 0.9133333333333333, 0.8736170212765958, 0.8704717617940448, 10.0
48, 4.669439077377319, 1.8777388334274292, 7578, 0, 0.9133333333333333, 0.8738297872340426, 0.8694967374184355, 10.0
49, 4.542906999588013, 1.7868024110794067, 7742, 0, 0.9133333333333333, 0.8738297872340426, 0.8694967374184355, 10.0
